446
804
497
1
696
804
356
364
276
36
114
497
446
591
479
364
276
364
169
1
114
364
497
36
604
356
276
1
382
446
364
696
1
132
502
446
434
446
364
195
1
502
1
77
1
479
364
276
364
203
446
114
502
276
36
479
364
497
1
364
612
1
77
132
318
1
132
334
318
396
364
612
132
623
804
1
396
479
364
612
446
241
276
318
382
318
114
62
364
804
276
1
364
434
132
1
696
804
1
497
318
497
1
465
364
612
36
132
276
356
140
364
318
195
364
497
318
396
479
364
446
804
36
77
356
140
364
276
364
382
36
77
497
591
591
364
114
36
132
36
497
62
502
623
591
364
612
1
132
623
479
364
604
356
382
364
203
1
382
36
497
62
502
446
434
446
364
132
446
114
77
1
479
364
623
612
318
77
1
497
479
364
382
356
114
479
364
114
276
446
591
364
612
132
318
382
318
169
497
623
591
364
334
382
241
612
623
364
612
318
132
446
696
502
446
203
364
497
36
114
364
276
364
132
623
502
36
479
364
1
364
497
1
364
396
446
132
446
334
446
364
276
356
604
132
318
77
446
203
364
382
318
101
36
364
36
434
446
364
612
446
203
36
715
1
382
318
114
62
364
114
276
36
132
396
349
36
114
77
36
114
77
276
36
497
497
356
396
364
132
1
195
203
36
132
446
276
364
446
169
502
318
364
276
364
169
36
132
497
446
140
364
132
446
434
446
276
446
140
364
446
612
132
1
276
36
465
364
276
77
446
132
446
140
364
0
364
612
382
36
169
318
114
77
356
140
479
364
132
356
696
36
276
1
77
356
140
479
364
276
318
396
132
1
114
77
356
140
364
203
446
382
446
804
446
140
364
169
36
382
446
276
36
502
364
276
364
195
1
382
446
203
382
36
497
497
446
140
364
497
1
364
195
1
77
356
382
446
502
364
502
382
36
77
169
1
77
446
140
364
502
36
612
502
36
364
0
364
604
356
382
364
276
364
502
446
276
604
446
140
502
36
479
364
696
36
276
1
497
356
396
364
604
36
382
356
396
364
604
132
591
502
1
396
364
318
364
276
364
169
36
132
497
356
396
364
77
1
612
446
169
502
1
396
465
